14500000.0
14521212.121212121
14542424.242424242
14563636.363636363
14584848.484848484
14606060.606060605
14627272.727272727
14648484.848484848
14669696.969696969
14690909.090909092
14712121.212121213
14733333.333333334
14754545.454545455
14775757.575757576
14796969.696969697
14818181.818181818
14839393.93939394
14860606.06060606
14881818.181818182
14903030.303030303
14924242.424242424
14945454.545454545
14966666.666666666
14987878.787878787
15009090.909090908
15030303.030303031
15051515.151515152
15072727.272727273
15093939.393939395
15115151.515151516
15136363.636363637
15157575.757575758
15178787.878787879
15200000.0
15221212.121212121
15242424.242424242
15263636.363636363
15284848.484848484
15306060.606060605
15327272.727272727
15348484.848484848
15369696.969696969
15390909.090909092
15412121.212121213
15433333.333333334
15454545.454545455
15475757.575757576
15496969.696969697
15518181.818181818
15539393.93939394
15560606.06060606
15581818.181818182
15603030.303030303
15624242.424242424
15645454.545454545
15666666.666666666
15687878.787878787
15709090.90909091
15730303.030303031
15751515.151515152
15772727.272727273
15793939.393939395
15815151.515151516
15836363.636363637
15857575.757575758
15878787.878787879
15900000.0
15921212.121212121
15942424.242424242
15963636.363636363
15984848.484848484
16006060.606060605
16027272.727272727
16048484.848484848
16069696.969696969
16090909.09090909
16112121.212121213
16133333.333333334
16154545.454545455
16175757.575757576
16196969.696969697
16218181.818181818
16239393.93939394
16260606.06060606
16281818.181818182
16303030.303030303
16324242.424242424
16345454.545454545
16366666.666666666
16387878.787878787
16409090.90909091
16430303.030303031
16451515.151515152
16472727.272727273
16493939.393939395
16515151.515151516
16536363.636363637
16557575.757575758
16578787.878787879
16600000.0
