5235987.7559829885
5500431.582042735
5764875.408102483
6029319.234162229
6293763.060221976
6558206.886281723
6822650.71234147
7087094.538401216
7351538.364460964
7615982.190520711
7880426.016580458
8144869.842640204
8409313.668699952
8673757.494759697
8938201.320819445
9202645.146879192
9467088.97293894
9731532.798998686
9995976.625058433
10260420.451118179
10524864.277177926
10789308.103237674
11053751.929297421
11318195.755357169
11582639.581416914
11847083.40747666
12111527.233536407
12375971.059596155
12640414.885655902
12904858.71171565
13169302.537775395
13433746.363835143
13698190.189894889
13962634.015954636
14227077.842014384
14491521.668074131
14755965.494133878
15020409.320193622
15284853.14625337
15549296.972313117
15813740.798372865
16078184.624432612
16342628.45049236
16607072.276552107
16871516.10261185
17135959.9286716
17400403.754731346
17664847.580791093
17929291.40685084
18193735.23291059
18458179.058970332
18722622.88503008
18987066.711089827
19251510.537149575
19515954.363209322
19780398.18926907
20044842.015328813
20309285.84138856
20573729.66744831
20838173.493508056
21102617.319567803
21367061.14562755
21631504.9716873
21895948.797747042
22160392.62380679
22424836.449866537
22689280.275926284
22953724.101986032
23218167.928045776
23482611.754105523
23747055.58016527
24011499.40622502
24275943.232284766
24540387.058344513
24804830.884404257
25069274.710464004
25333718.536523752
25598162.3625835
25862606.188643247
26127050.014702994
26391493.840762742
26655937.666822486
26920381.492882233
27184825.31894198
27449269.145001728
27713712.971061476
27978156.797121223
28242600.623180967
28507044.449240714
28771488.27530046
29035932.10136021
29300375.927419957
29564819.753479704
29829263.579539448
30093707.405599196
30358151.231658943
30622595.05771869
30887038.883778438
31151482.709838185
31415926.535897933
