40480192741723.9
39969959248730.8
39563398311469.4
39306000030463.2
38557812785269.0
37969623099616.3
37586553012340.6
37191755085104.9
36590728124307.2
35949249812915.6
35693236362931.0
35401206871920.3
34582388940241.1
34068299828332.8
33685365666033.1
33266589598733.1
32769560423088.5
32320961613502.4
32049845417340.6
31728961536299.6
31380123936556.0
30781683159373.9
30453565528586.6
30001620757088.6
29697863416262.2
29338502777351.6
28931646297082.7
28639547394444.8
28151732544502.8
27924964839198.8
27528073561589.3
27241434742010.3
26999318289653.8
26658639264830.8
26493382119825.8
26213501486509.9
26030727691492.7
25717017091224.1
25562156978989.7
25246623620816.1
24998484003743.8
24939670492278.3
24799858786782.8
24596897666500.6
24453032459004.8
24215167392597.3
24306574001405.4
24250622369379.2
24147142307058.1
24158837004245.1
24108108487464.3
24131034755265.0
24184049929456.9
23994900246871.4
24050520888835.8
24347956225937.4
24481946476908.7
24590176034094.4
24917837944780.1
24874858830916.4
24865063996391.0
25320210187698.4
25390905929177.8
25603065005007.8
25749204500324.3
25981001966104.1
26364232445176.7
26690126087130.0
26878616305422.7
27217891402785.1
27445379446753.7
27925767047652.7
28276340784078.9
28307466253766.0
28675098086558.9
29282324515634.2
29806355412580.3
30212874193414.0
30288607080375.2
30545744471586.4
31297899456829.8
32130694142529.0
31951256453476.6
32599647768041.4
33453327182732.2
33648776932925.6
34243823167573.2
34709852204490.1
35089249755492.3
35871380551771.5
36654342994557.5
36707175288778.4
37097505743924.1
37963194442232.5
38019327612357.3
38783550397977.3
39409063112010.7
39907611550860.2
40522680419797.0
40942530087641.3
