224147328431235.
221144849607271.
217895681329515.
214487938766040.
210805577405490.
207172992823136.
203358781219427.
199517911403463.
194987447188349.
190598737662418.
186816700747273.
182102219412239.
177339904314955.
172795754517399.
167269901015894.
162663016934951.
157210633624274.
151728126850223.
146350478930891.
140725570390713.
135218418273701.
129422912761427.
123357119397979.
117101714121383.
110945889058812.
104676283314268.
98464952025844.5
91711777613163.8
85133349207618.3
78807258785978.1
71751005779583.8
65679914435964.2
58563737398645.2
51549382840966.1
45423831692928.3
39094073874718.6
33321352524945.9
28662626869795.8
25040393009122.0
24499013982530.3
26210852526332.7
30241061146930.3
36072538489228.0
42791325303084.7
50209524899920.5
58439361364784.7
66183605512551.0
75021565846034.5
84069582612932.0
92667344133970.3
101832034216442.
111019633329520.
120328990274471.
130053660289749.
139997774392344.
149655037194361.
159293782183369.
169202034695075.
179550271182710.
189866506957196.
200239881212052.
210646214369983.
220503590255778.
231445995904369.
242388820619633.
252801292529239.
264328204816054.
274305746129219.
286246100926025.
296782912507657.
307660444938683.
318128944110210.
329967386877506.
343282273337049.
352572719943153.
366352371870837.
378351348644005.
386870780082853.
401101620316549.
412476082570171.
425836487562416.
435215768829811.
448450493603504.
458493089757169.
474064968765019.
482751932853945.
498576103190997.
511317400159262.
518920224201523.
531669869809836.
546079665871307.
561671831238396.
571774490933727.
585452255497036.
593073655885464.
609625067414126.
618414904163654.
639255456479338.
650822490083596.
663626419664008.
